SDK:send
7E 7E 
90 4A 7F F1 62 01 00 00 
00 00 00 00 
01 00 00 00 
07 00 00 00 
64 65 76 5F 74 62 6C 
0C 00 00 00 
00 00 00 00 
E8 03 00 00 
7E 7E 0D 0A 

Java:response
7E 7E 
00 00 00 00 00 00 00 00 
00 00 00 00 
00 00 00 01 
00 00 00 07 
64 65 76 5F 74 62 6C 
00 00 00 30 
00 
01 
00 00 00 01 
00 00 00 22 
00 00 00 04 
00 00 00 00 00 00 00 00 
00 00 00 00 
00 00 00 06 
6E 61 6D 65 5F 30 
00 00 00 03 
00 00 00 00 
7E 7E 0D 0A

Java:all response
7E 7E 00 00 01 62 FD FD 46 00 00 00 00 00 00 00 00 01 00 00 00 07 64 65 76 5F 74 62 6C 00 00 00 30 00 01 00 00 00 01 00 00 00 22 00 00 00 04 00 00 00 00 00 00 00 00 00 00 00 00 00 00 00 06 6E 61 6D 65 5F 30 00 00 00 03 00 00 00 00 7E 7E 0D 0A 7E 7E 00 00 01 62 FD FD 46 00 00 00 00 00 00 00 00 01 00 00 00 07 64 65 76 5F 74 62 6C 00 00 00 30 00 01 00 00 00 01 00 00 00 22 00 00 00 04 00 00 00 00 00 00 00 01 00 00 00 00 00 00 00 06 6E 61 6D 65 5F 31 00 00 00 03 00 00 00 01 7E 7E 0D 0A 7E 7E 00 00 01 62 FD FD 46 00 00 00 00 00 00 00 00 01 00 00 00 07 64 65 76 5F 74 62 6C 00 00 00 30 00 01 00 00 00 01 00 00 00 22 00 00 00 04 00 00 00 00 00 00 00 02 00 00 00 00 00 00 00 06 6E 61 6D 65 5F 32 00 00 00 03 00 00 00 02 7E 7E 0D 0A 7E 7E 00 00 01 62 FD FD 46 00 00 00 00 00 00 00 00 01 00 00 00 07 64 65 76 5F 74 62 6C 00 00 00 30 00 01 00 00 00 01 00 00 00 22 00 00 00 04 00 00 00 00 00 00 00 03 00 00 00 00 00 00 00 06 6E 61 6D 65 5F 33 00 00 00 03 00 00 00 03 7E 7E 0D 0A 7E 7E 00 00 01 62 FD FD 46 00 00 00 00 00 00 00 00 01 00 00 00 07 64 65 76 5F 74 62 6C 00 00 00 30 00 01 00 00 00 01 00 00 00 22 00 00 00 04 00 00 00 00 00 00 00 04 00 00 00 00 00 00 00 06 6E 61 6D 65 5F 34 00 00 00 03 00 00 00 04 7E 7E 0D 0A 7E 7E 00 00 01 62 FD FD 46 00 00 00 00 00 00 00 00 01 00 00 00 07 64 65 76 5F 74 62 6C 00 00 00 30 00 01 00 00 00 01 00 00 00 22 00 00 00 04 00 00 00 00 00 00 00 05 00 00 00 00 00 00 00 06 6E 61 6D 65 5F 35 00 00 00 03 00 00 00 05 7E 7E 0D 0A 7E 7E 00 00 01 62 FD FD 46 00 00 00 00 00 00 00 00 01 00 00 00 07 64 65 76 5F 74 62 6C 00 00 00 30 00 01 00 00 00 01 00 00 00 22 00 00 00 04 00 00 00 00 00 00 00 06 00 00 00 00 00 00 00 06 6E 61 6D 65 5F 36 00 00 00 03 00 00 00 06 7E 7E 0D 0A 7E 7E 00 00 01 62 FD FD 46 00 00 00 00 00 00 00 00 01 00 00 00 07 64 65 76 5F 74 62 6C 00 00 00 30 00 01 00 00 00 01 00 00 00 22 00 00 00 04 00 00 00 00 00 00 00 07 00 00 00 00 00 00 00 06 6E 61 6D 65 5F 37 00 00 00 03 00 00 00 07 7E 7E 0D 0A 7E 7E 00 00 01 62 FD FD 46 00 00 00 00 00 00 00 00 01 00 00 00 07 64 65 76 5F 74 62 6C 00 00 00 30 00 00 00 00 00 01 00 00 00 22 00 00 00 04 00 00 00 00 00 00 00 08 00 00 00 00 00 00 00 06 6E 61 6D 65 5F 38 00 00 00 03 00 00 00 08 7E 7E 0D 0A 

--------------------------------
SDK:send
7E 7E 
01 00 00 00 00 00 00 00 
00 00 00 00 
01 00 00 00 
07 00 00 00 
64 65 76 5F 74 62 6C 
0C 00 00 00 
00 00 00 00 
09 00 00 00 
7E 7E 0D 0A

java:piece response
7E 7E 
00 00 00 00 00 00 00 01 
00 00 00 00 
00 00 00 01 
00 00 00 07 
64 65 76 5F 74 62 6C 
00 00 00 30 
00 
01 
00 00 00 01 
00 00 00 22 
00 00 00 04 
00 00 00 00 00 00 00 00 
00 00 00 00 
00 00 00 06 
6E 61 6D 65 5F 30 
00 00 00 03 
00 00 00 00 
7E 7E 0D 0A 

Java:all response
7E 7E 00 00 00 00 00 00 00 01 00 00 00 00 00 00 00 01 00 00 00 07 64 65 76 5F 74 62 6C 00 00 00 30 00 01 00 00 00 01 00 00 00 22 00 00 00 04 00 00 00 00 00 00 00 00 00 00 00 00 00 00 00 06 6E 61 6D 65 5F 30 00 00 00 03 00 00 00 00 7E 7E 0D 0A 
7E 7E 00 00 00 00 00 00 00 01 00 00 00 00 00 00 00 01 00 00 00 07 64 65 76 5F 74 62 6C 00 00 00 30 00 01 00 00 00 01 00 00 00 22 00 00 00 04 00 00 00 00 00 00 00 01 00 00 00 00 00 00 00 06 6E 61 6D 65 5F 31 00 00 00 03 00 00 00 01 7E 7E 0D 0A 
7E 7E 00 00 00 00 00 00 00 01 00 00 00 00 00 00 00 01 00 00 00 07 64 65 76 5F 74 62 6C 00 00 00 30 00 01 00 00 00 01 00 00 00 22 00 00 00 04 00 00 00 00 00 00 00 02 00 00 00 00 00 00 00 06 6E 61 6D 65 5F 32 00 00 00 03 00 00 00 02 7E 7E 0D 0A 
7E 7E 00 00 00 00 00 00 00 01 00 00 00 00 00 00 00 01 00 00 00 07 64 65 76 5F 74 62 6C 00 00 00 30 00 01 00 00 00 01 00 00 00 22 00 00 00 04 00 00 00 00 00 00 00 03 00 00 00 00 00 00 00 06 6E 61 6D 65 5F 33 00 00 00 03 00 00 00 03 7E 7E 0D 0A 
7E 7E 00 00 00 00 00 00 00 01 00 00 00 00 00 00 00 01 00 00 00 07 64 65 76 5F 74 62 6C 00 00 00 30 00 01 00 00 00 01 00 00 00 22 00 00 00 04 00 00 00 00 00 00 00 04 00 00 00 00 00 00 00 06 6E 61 6D 65 5F 34 00 00 00 03 00 00 00 04 7E 7E 0D 0A 
7E 7E 00 00 00 00 00 00 00 01 00 00 00 00 00 00 00 01 00 00 00 07 64 65 76 5F 74 62 6C 00 00 00 30 00 01 00 00 00 01 00 00 00 22 00 00 00 04 00 00 00 00 00 00 00 05 00 00 00 00 00 00 00 06 6E 61 6D 65 5F 35 00 00 00 03 00 00 00 05 7E 7E 0D 0A 
7E 7E 00 00 00 00 00 00 00 01 00 00 00 00 00 00 00 01 00 00 00 07 64 65 76 5F 74 62 6C 00 00 00 30 00 01 00 00 00 01 00 00 00 22 00 00 00 04 00 00 00 00 00 00 00 06 00 00 00 00 00 00 00 06 6E 61 6D 65 5F 36 00 00 00 03 00 00 00 06 7E 7E 0D 0A 
7E 7E 00 00 00 00 00 00 00 01 00 00 00 00 00 00 00 01 00 00 00 07 64 65 76 5F 74 62 6C 00 00 00 30 00 01 00 00 00 01 00 00 00 22 00 00 00 04 00 00 00 00 00 00 00 07 00 00 00 00 00 00 00 06 6E 61 6D 65 5F 37 00 00 00 03 00 00 00 07 7E 7E 0D 0A 
7E 7E 00 00 00 00 00 00 00 01 00 00 00 00 00 00 00 01 00 00 00 07 64 65 76 5F 74 62 6C 00 00 00 30 00 00 00 00 00 01 00 00 00 22 00 00 00 04 00 00 00 00 00 00 00 08 00 00 00 00 00 00 00 06 6E 61 6D 65 5F 38 00 00 00 03 00 00 00 08 7E 7E 0D 0A 